\begin{tabular}{lrrrrrr}
\toprule
{} &   BTC &   ETH &   XRP &   GLD &  GSPC &   VIX \\
\midrule
BTC  &  1.00 &  0.76 &  0.62 &  0.22 &  0.21 & -0.14 \\
ETH  &  0.76 &  1.00 &  0.67 &  0.24 &  0.19 & -0.03 \\
XRP  &  0.62 &  0.67 &  1.00 &  0.12 &  0.05 & -0.11 \\
GLD  &  0.22 &  0.24 &  0.12 &  1.00 &  0.12 &  0.02 \\
GSPC &  0.21 &  0.19 &  0.05 &  0.12 &  1.00 & -0.77 \\
VIX  & -0.14 & -0.03 & -0.11 &  0.02 & -0.77 &  1.00 \\
\bottomrule
\end{tabular}
