\begin{tabular}{lrrrrrr}
\toprule
{} &   BTC &   ETH &   XRP &   GLD &  GSPC &   VIX \\
\midrule
BTC  &  1.00 &  0.72 &  0.51 &  0.15 &  0.21 & -0.17 \\
ETH  &  0.72 &  1.00 &  0.58 &  0.14 &  0.24 & -0.19 \\
XRP  &  0.51 &  0.58 &  1.00 &  0.09 &  0.16 & -0.13 \\
GLD  &  0.15 &  0.14 &  0.09 &  1.00 &  0.04 &  0.04 \\
GSPC &  0.21 &  0.24 &  0.16 &  0.04 &  1.00 & -0.69 \\
VIX  & -0.17 & -0.19 & -0.13 &  0.04 & -0.69 &  1.00 \\
\bottomrule
\end{tabular}
